year	month	sday	quarter	estimated_eighths	fraction_above_cloudcut
2014	1	30	1	1	0.8194444444444444
2014	1	30	2	0	0.9444444444444444
2014	1	30	3	0	1.0
2014	1	30	4	0	1.0
2014	1	31	1	1	0.8333333333333334
2014	1	31	2	0	0.9907407407407407
2014	1	31	3	0	1.0
2014	1	31	4	0	1.0
2014	2	1	1	0	0.9652777777777778
2014	2	1	2	0	0.9814814814814815
2014	2	1	3	0	1.0
2014	2	1	4	0	1.0
2014	2	2	1	0	0.9861111111111112
2014	2	2	2	0	1.0
2014	2	2	3	0	1.0
2014	2	2	4	0	0.9930555555555556
2014	2	10	1	0	0.9791666666666666
2014	2	10	2	0	0.9814814814814815
2014	2	10	3	0	1.0
2014	2	10	4	0	0.9791666666666666
2014	2	11	1	1	0.9166666666666666
2014	2	11	2	0	0.9629629629629629
2014	2	11	3	0	1.0
2014	2	11	4	0	1.0
2014	3	10	1	0	1.0
2014	3	10	2	0	1.0
2014	3	10	3	0	0.9907407407407407
2014	3	10	4	0	1.0
2014	3	11	1	0	1.0
2014	3	11	2	0	0.9791666666666666
2014	3	11	3	0	1.0
2014	3	11	4	0	1.0
2014	3	12	1	0	0.9861111111111112
2014	3	12	2	0	1.0
2014	3	12	3	0	1.0
2014	3	12	4	0	1.0
2014	3	13	1	0	1.0
2014	3	13	2	0	0.9861111111111112
2014	3	13	3	0	1.0
2014	3	13	4	0	0.9814814814814815
2014	3	14	1	0	1.0
2014	3	14	2	0	0.9930555555555556
2014	3	14	3	0	1.0
2014	3	14	4	0	1.0
2014	4	6	1	0	1.0
2014	4	6	2	0	0.9814814814814815
2014	4	6	3	1	0.9166666666666666
2014	4	6	4	1	0.8958333333333334
2014	4	8	1	0	0.9930555555555556
2014	4	8	2	0	0.9583333333333334
2014	4	8	3	1	0.9055555555555556
2014	4	8	4	1	0.875
2014	4	9	1	0	1.0
2014	4	9	2	0	1.0
2014	4	9	3	0	0.9768518518518519
2014	4	9	4	1	0.8888888888888888
2014	4	13	2	1	0.9166666666666666
2014	4	13	3	1	0.9
2014	4	13	4	1	0.9097222222222222
2014	4	21	1	0	1.0
2014	4	21	2	0	0.9861111111111112
2014	4	21	3	0	0.9652777777777778
2014	4	21	4	1	0.9097222222222222
2014	4	24	1	0	1.0
2014	4	24	2	0	0.9930555555555556
2014	4	24	3	0	1.0
2014	4	24	4	0	0.9652777777777778
2014	4	29	1	5	0.3333333333333333
2014	4	29	2	3	0.6111111111111112
2014	4	29	3	1	0.9166666666666666
2014	4	29	4	0	0.9583333333333334
2014	5	1	1	6	0.2916666666666667
2014	5	1	2	6	0.2986111111111111
2014	5	1	3	6	0.2986111111111111
2014	5	1	4	6	0.3055555555555556
2014	5	3	1	1	0.9222222222222223
2014	5	3	2	0	0.9444444444444444
2014	5	3	3	0	0.9791666666666666
2014	5	3	4	0	0.9722222222222222
2014	5	12	2	4	0.4722222222222222
2014	5	12	3	5	0.375
2014	5	12	4	3	0.5694444444444444
2014	5	13	2	2	0.7037037037037037
2014	5	13	3	5	0.3472222222222222
2014	5	13	4	4	0.5069444444444444
2014	5	14	3	2	0.75
2014	5	14	4	1	0.8472222222222222
2014	5	15	1	0	1.0
2014	5	15	2	0	0.9652777777777778
2014	5	15	3	3	0.6597222222222222
2014	5	15	4	1	0.8333333333333334
2014	6	9	1	5	0.4166666666666667
2014	6	9	2	8	0.006944444444444444
2014	6	9	3	8	0.0
2014	6	9	4	8	0.011111111111111112
2014	6	10	2	8	0.05555555555555555
2014	6	10	3	8	0.0625
2014	6	10	4	8	0.022222222222222223
2014	6	11	1	8	0.0
2014	6	11	2	8	0.0
2014	6	11	3	8	0.0
2014	6	11	4	8	0.0
2014	6	12	1	7	0.16111111111111112
2014	6	12	2	8	0.034722222222222224
2014	6	12	3	8	0.013888888888888888
2014	6	12	4	8	0.022222222222222223
2014	6	13	1	3	0.5902777777777778
2014	6	13	2	7	0.16666666666666666
2014	6	13	3	8	0.013888888888888888
2014	6	13	4	8	0.022222222222222223
2014	7	7	2	5	0.3611111111111111
2014	7	7	3	5	0.3263888888888889
2014	7	7	4	4	0.5069444444444444
2014	7	8	1	1	0.8333333333333334
2014	7	8	2	3	0.6458333333333334
2014	7	8	3	5	0.4166666666666667
2014	7	8	4	4	0.4791666666666667
2014	7	26	2	8	0.0
2014	7	26	3	8	0.0
2014	7	26	4	8	0.0625
2014	7	27	2	8	0.009259259259259259
2014	7	27	3	7	0.06944444444444445
2014	7	27	4	7	0.06944444444444445
2014	8	17	2	0	0.9444444444444444
2014	8	17	3	2	0.75
2014	8	17	4	1	0.8680555555555556
2014	8	28	1	7	0.0763888888888889
2014	8	28	2	8	0.05555555555555555
2014	8	28	3	8	0.034722222222222224
2014	8	28	4	7	0.09027777777777778
2014	9	6	1	1	0.8611111111111112
2014	9	6	2	1	0.8472222222222222
2014	9	6	3	2	0.7962962962962963
2014	9	6	4	3	0.6296296296296297
2014	10	6	1	0	1.0
2014	10	6	2	2	0.75
2014	10	6	3	0	0.9513888888888888
2014	10	6	4	2	0.7986111111111112
2014	10	7	1	0	0.9722222222222222
2014	10	7	2	3	0.6666666666666666
2014	10	7	3	1	0.8888888888888888
2014	10	7	4	2	0.7638888888888888
2014	10	8	1	0	0.9907407407407407
2014	10	8	2	3	0.6203703703703703
2014	10	8	3	2	0.7986111111111112
2014	10	8	4	3	0.5694444444444444
2014	10	9	1	1	0.9259259259259259
2014	10	9	2	4	0.5277777777777778
2014	10	9	3	2	0.75
2014	10	9	4	8	0.05555555555555555
2014	10	20	1	0	0.9629629629629629
2014	10	20	2	0	0.9722222222222222
2014	10	20	3	0	1.0
2014	10	20	4	1	0.9305555555555556
2014	10	22	1	2	0.7407407407407407
2014	10	22	2	2	0.7870370370370371
2014	10	22	3	1	0.9166666666666666
2014	10	22	4	1	0.8888888888888888
2014	11	6	1	2	0.8125
2014	11	6	2	1	0.8888888888888888
2014	11	6	3	0	0.9537037037037037
2014	11	6	4	1	0.8472222222222222
2014	11	15	1	2	0.8125
2014	11	15	2	3	0.6296296296296297
2014	11	15	3	2	0.7407407407407407
2014	11	15	4	1	0.8263888888888888
2014	12	1	1	0	1.0
2014	12	1	2	0	0.9907407407407407
2014	12	1	3	0	1.0
2014	12	1	4	1	0.9027777777777778
2014	12	2	1	0	0.9907407407407407
2014	12	2	2	0	0.9861111111111112
2014	12	2	3	0	1.0
2014	12	2	4	1	0.9236111111111112
2014	12	3	1	1	0.9166666666666666
2014	12	3	2	0	0.9861111111111112
2014	12	3	3	0	0.9444444444444444
2014	12	3	4	1	0.8263888888888888
2014	12	6	1	1	0.8888888888888888
2014	12	31	1	0	0.9791666666666666
2014	12	31	2	0	1.0
2014	12	31	3	0	1.0
2014	12	31	4	0	0.9444444444444444
