year	month	sday	quarter	estimated_eighths	fraction_above_cloudcut
2012	1	1	1	8	0.034722222222222224
2012	1	1	2	7	0.18055555555555555
2012	1	1	3	6	0.2638888888888889
2012	8	16	1	8	0.0
2012	8	16	2	7	0.08333333333333333
2012	8	16	3	8	0.041666666666666664
2012	8	16	4	8	0.013888888888888888
2012	8	17	1	3	0.6388888888888888
2012	8	17	2	5	0.4166666666666667
2012	8	17	3	6	0.2777777777777778
2012	8	17	4	6	0.3125
2012	9	14	1	2	0.7847222222222222
2012	9	14	2	3	0.6319444444444444
2012	9	14	3	3	0.6041666666666666
2012	9	14	4	5	0.375
2012	9	15	1	0	0.9930555555555556
2012	9	15	2	0	0.95
2012	9	15	3	0	0.9513888888888888
2012	9	15	4	3	0.625
2012	9	16	1	6	0.3055555555555556
2012	9	16	2	5	0.4027777777777778
2012	9	16	3	5	0.3402777777777778
2012	9	16	4	8	0.04861111111111111
2012	9	17	1	8	0.020833333333333332
2012	9	17	2	7	0.1111111111111111
2012	9	17	3	6	0.2152777777777778
2012	9	17	4	7	0.1527777777777778
2012	9	18	1	3	0.6805555555555556
2012	9	18	2	4	0.5138888888888888
2012	9	18	3	4	0.5138888888888888
2012	9	18	4	5	0.3402777777777778
2012	9	19	1	3	0.6527777777777778
2012	9	19	2	2	0.7222222222222222
2012	9	19	3	2	0.7777777777777778
2012	9	19	4	4	0.5555555555555556
2012	12	24	1	0	0.9861111111111112
2012	12	24	2	0	1.0
2012	12	24	3	0	0.9861111111111112
2012	12	24	4	0	0.9930555555555556
2012	12	25	1	0	1.0
2012	12	25	2	0	1.0
2012	12	25	3	0	0.9861111111111112
2012	12	25	4	0	0.9930555555555556
2012	12	31	1	0	0.9861111111111112
2012	12	31	2	0	1.0
2012	12	31	3	0	1.0
2012	12	31	4	0	1.0
