year	month	sday	quarter	estimated_eighths	fraction_above_cloudcut
2013	4	23	1	8	0.0
2013	4	23	2	8	0.020833333333333332
2013	4	23	3	7	0.1388888888888889
2013	4	23	4	4	0.5277777777777778
2013	10	12	1	0	1.0
2013	10	12	2	1	0.8518518518518519
2013	10	12	3	0	0.9629629629629629
2013	10	12	4	0	0.9444444444444444
2013	10	13	1	0	1.0
2013	10	13	2	0	0.9444444444444444
2013	10	13	3	0	0.9537037037037037
2013	10	13	4	1	0.9166666666666666
2013	10	14	1	2	0.7037037037037037
2013	10	14	2	3	0.6111111111111112
2013	10	14	3	2	0.8055555555555556
2013	10	14	4	5	0.3888888888888889
2013	10	15	1	0	1.0
2013	10	15	2	3	0.6666666666666666
2013	10	15	3	3	0.6574074074074074
2013	10	15	4	2	0.7569444444444444
2013	10	16	1	0	1.0
2013	10	16	2	1	0.9074074074074074
2013	10	16	3	0	1.0
2013	10	16	4	0	0.9583333333333334
2013	10	18	1	4	0.5277777777777778
2013	10	18	2	4	0.5185185185185185
2013	10	18	3	3	0.5925925925925926
2013	10	18	4	4	0.4930555555555556
2013	10	28	1	0	1.0
2013	10	28	2	1	0.8148148148148148
2013	10	28	3	1	0.8518518518518519
2013	10	28	4	5	0.3194444444444444
2013	12	24	1	2	0.7777777777777778
2013	12	24	2	1	0.8888888888888888
2013	12	24	3	1	0.9166666666666666
2013	12	24	4	0	0.9722222222222222
2013	12	31	1	1	0.9027777777777778
2013	12	31	2	0	1.0
2013	12	31	3	0	1.0
2013	12	31	4	0	1.0
