year	month	sday	quarter	estimated_eighths	fraction_above_cloudcut
2017	1	1	1	3	0.5972222222222222
2017	1	1	2	1	0.8888888888888888
2017	1	1	3	0	1.0
2017	1	1	4	0	1.0
2017	1	5	1	3	0.5763888888888888
2017	1	5	2	3	0.6759259259259259
2017	1	5	3	4	0.5416666666666666
2017	1	5	4	3	0.6851851851851852
2017	1	6	1	2	0.7986111111111112
2017	1	6	2	0	1.0
2017	1	6	3	0	1.0
2017	1	6	4	0	1.0
2017	1	7	1	2	0.7708333333333334
2017	1	7	2	0	0.9907407407407407
2017	1	7	3	0	1.0
2017	1	7	4	0	1.0
2017	1	8	1	3	0.6805555555555556
2017	1	8	2	0	0.9583333333333334
2017	1	8	3	0	1.0
2017	1	8	4	0	1.0
2017	1	24	1	4	0.48148148148148145
2017	1	24	2	2	0.75
2017	1	24	3	1	0.8796296296296297
2017	1	24	4	0	1.0
2017	1	26	1	7	0.06944444444444445
2017	1	26	2	6	0.28703703703703703
2017	1	26	3	3	0.6481481481481481
2017	1	26	4	1	0.9305555555555556
2017	1	27	1	7	0.09722222222222222
2017	1	27	2	5	0.32407407407407407
2017	1	27	3	2	0.8055555555555556
2017	1	27	4	0	1.0
2017	1	28	1	6	0.1875
2017	1	28	2	5	0.37962962962962965
2017	1	28	3	2	0.7962962962962963
2017	1	28	4	0	0.9583333333333334
2017	2	17	1	1	0.8819444444444444
2017	2	17	2	0	0.9629629629629629
2017	2	17	3	0	1.0
2017	2	17	4	0	1.0
2017	4	2	2	0	0.9722222222222222
2017	4	2	3	0	0.9907407407407407
2017	5	11	3	8	0.0
2017	5	11	4	8	0.0
2017	5	12	1	8	0.0
2017	5	12	2	8	0.0
2017	5	12	3	6	0.2916666666666667
2017	5	12	4	4	0.5347222222222222
2017	5	18	3	7	0.1388888888888889
2017	5	18	4	7	0.12777777777777777
2017	6	26	2	8	0.0
2017	6	26	3	8	0.0625
2017	6	26	4	7	0.1736111111111111
2017	7	10	1	0	0.9888888888888889
2017	7	10	2	2	0.8111111111111111
2017	7	10	3	3	0.6458333333333334
2017	7	10	4	2	0.6875
2017	7	12	1	3	0.6722222222222223
2017	7	12	2	5	0.37777777777777777
2017	7	12	3	4	0.4791666666666667
2017	7	12	4	3	0.5694444444444444
2017	7	13	4	7	0.09722222222222222
2017	7	14	1	7	0.07222222222222222
2017	7	14	2	7	0.14444444444444443
2017	7	14	3	7	0.125
2017	7	14	4	7	0.09027777777777778
2017	7	19	3	8	0.013888888888888888
2017	7	19	4	8	0.0
2017	7	20	4	3	0.6388888888888888
2017	7	31	1	0	0.9444444444444444
2017	7	31	2	2	0.7277777777777777
2017	7	31	3	2	0.7430555555555556
2017	7	31	4	3	0.6
2017	8	12	1	5	0.4236111111111111
2017	8	12	2	6	0.25
2017	8	12	3	7	0.1597222222222222
2017	8	12	4	7	0.09027777777777778
2017	8	13	1	3	0.625
2017	8	13	2	4	0.5222222222222223
2017	8	13	3	5	0.3958333333333333
2017	8	13	4	5	0.3194444444444444
2017	8	22	2	8	0.0
2017	8	22	3	8	0.0
2017	8	22	4	8	0.0
2017	9	3	1	1	0.8472222222222222
2017	9	3	2	3	0.6805555555555556
2017	9	3	3	2	0.75
2017	9	3	4	4	0.5625
2017	9	4	2	3	0.6805555555555556
2017	9	4	3	2	0.7291666666666666
2017	9	4	4	4	0.4930555555555556
2017	9	5	2	7	0.1111111111111111
2017	9	5	3	8	0.027777777777777776
2017	9	5	4	7	0.06944444444444445
2017	11	11	1	0	0.9444444444444444
2017	11	11	2	1	0.8796296296296297
2017	11	11	3	0	0.9537037037037037
2017	11	11	4	0	0.9930555555555556
2017	11	12	1	1	0.9097222222222222
2017	11	12	2	0	0.9722222222222222
2017	11	12	3	0	1.0
2017	11	12	4	0	1.0
2017	12	10	1	3	0.6203703703703703
2017	12	10	2	1	0.8472222222222222
2017	12	10	3	1	0.8981481481481481
2017	12	10	4	0	0.9375
2017	12	11	1	0	0.9722222222222222
2017	12	11	2	2	0.7777777777777778
2017	12	11	3	1	0.8703703703703703
2017	12	11	4	4	0.5277777777777778
2017	12	13	1	3	0.6574074074074074
2017	12	13	2	1	0.8472222222222222
2017	12	13	3	1	0.8611111111111112
2017	12	13	4	0	0.9861111111111112
2017	12	15	1	2	0.7314814814814815
2017	12	15	2	1	0.9166666666666666
2017	12	15	3	0	1.0
2017	12	15	4	0	1.0
2017	12	16	1	2	0.7361111111111112
2017	12	16	2	0	0.9861111111111112
2017	12	16	3	0	1.0
2017	12	16	4	0	1.0
2017	12	17	1	5	0.3472222222222222
2017	12	17	2	5	0.375
2017	12	17	3	4	0.4722222222222222
2017	12	17	4	4	0.4444444444444444
2017	12	18	1	7	0.09722222222222222
2017	12	18	2	6	0.3055555555555556
2017	12	18	3	1	0.8194444444444444
2017	12	18	4	1	0.8680555555555556
2017	12	30	1	2	0.6944444444444444
2017	12	30	2	1	0.9166666666666666
2017	12	30	3	0	1.0
2017	12	30	4	0	1.0
2017	12	31	1	2	0.7986111111111112
2017	12	31	2	0	0.9444444444444444
2017	12	31	3	0	0.9861111111111112
2017	12	31	4	1	0.8148148148148148
