year	month	sday	quarter	estimated_eighths	fraction_above_cloudcut
2015	1	1	1	0	0.9444444444444444
2015	1	1	2	0	0.9583333333333334
2015	1	1	3	0	1.0
2015	1	1	4	1	0.9166666666666666
2015	1	4	1	1	0.8819444444444444
2015	2	11	1	1	0.875
2015	2	11	2	0	0.9722222222222222
2015	2	11	3	0	1.0
2015	2	11	4	0	1.0
2015	3	2	1	0	1.0
2015	3	2	2	1	0.8402777777777778
2015	3	2	3	0	0.9814814814814815
2015	3	2	4	0	1.0
2015	3	12	1	2	0.7847222222222222
2015	3	12	2	2	0.7569444444444444
2015	3	12	3	1	0.8888888888888888
2015	3	12	4	1	0.8981481481481481
2015	4	4	1	0	1.0
2015	4	4	2	0	0.9814814814814815
2015	4	4	3	0	0.9930555555555556
2015	4	4	4	0	0.9791666666666666
2015	4	5	1	0	0.9930555555555556
2015	4	5	2	0	0.9722222222222222
2015	4	5	3	2	0.6875
2015	4	5	4	5	0.3194444444444444
2015	4	28	1	0	0.9861111111111112
2015	4	28	2	0	0.9930555555555556
2015	4	28	3	0	0.9652777777777778
2015	4	28	4	1	0.8888888888888888
2015	4	29	1	0	1.0
2015	4	29	2	0	0.9722222222222222
2015	4	29	3	0	0.9722222222222222
2015	4	29	4	0	0.9375
2015	4	30	1	2	0.8125
2015	4	30	2	0	0.9375
2015	4	30	3	1	0.9027777777777778
2015	4	30	4	3	0.6458333333333334
2015	5	1	1	5	0.3888888888888889
2015	5	1	2	6	0.2777777777777778
2015	5	1	3	7	0.125
2015	5	1	4	8	0.0
2015	5	2	1	5	0.3888888888888889
2015	5	2	2	2	0.6875
2015	5	2	3	0	1.0
2015	5	2	4	0	1.0
2015	5	3	1	0	1.0
2015	5	3	2	1	0.8333333333333334
2015	5	3	3	1	0.9236111111111112
2015	5	3	4	1	0.9097222222222222
2015	5	4	1	6	0.2013888888888889
2015	5	4	2	4	0.4583333333333333
2015	5	4	3	0	0.9722222222222222
2015	5	4	4	0	0.9722222222222222
2015	5	31	1	0	0.9833333333333333
2015	6	10	1	2	0.7777777777777778
2015	6	10	2	1	0.8194444444444444
2015	6	10	3	2	0.75
2015	6	10	4	2	0.75
2015	6	17	1	1	0.9166666666666666
2015	6	17	2	4	0.4861111111111111
2015	6	17	3	6	0.2708333333333333
2015	6	17	4	4	0.4652777777777778
2015	6	26	1	0	0.9444444444444444
2015	6	26	2	1	0.8680555555555556
2015	6	26	3	4	0.5555555555555556
2015	6	26	4	6	0.20833333333333334
2015	6	27	2	8	0.0
2015	6	27	3	8	0.0
2015	6	27	4	8	0.006944444444444444
2015	6	28	1	3	0.6666666666666666
2015	6	28	2	4	0.5625
2015	6	28	3	5	0.3541666666666667
2015	6	28	4	4	0.5555555555555556
2015	6	29	1	1	0.9277777777777778
2015	6	29	2	2	0.7152777777777778
2015	6	29	3	4	0.4513888888888889
2015	6	29	4	4	0.5277777777777778
2015	6	30	1	3	0.5833333333333334
2015	6	30	2	3	0.5902777777777778
2015	6	30	3	4	0.4791666666666667
2015	6	30	4	3	0.5972222222222222
2015	7	1	1	0	0.9777777777777777
2015	7	1	2	1	0.8402777777777778
2015	7	1	3	3	0.625
2015	7	1	4	3	0.6180555555555556
2015	7	3	2	2	0.7986111111111112
2015	7	3	3	3	0.6180555555555556
2015	7	3	4	8	0.0625
2015	7	4	1	7	0.10555555555555556
2015	7	4	2	8	0.0
2015	7	4	3	8	0.013888888888888888
2015	7	4	4	8	0.020833333333333332
2015	7	5	1	7	0.06481481481481481
2015	7	5	3	8	0.05555555555555555
2015	7	5	4	8	0.0
2015	7	12	2	8	0.0
2015	7	12	3	8	0.0
2015	7	12	4	8	0.013888888888888888
2015	7	13	2	8	0.05555555555555555
2015	7	13	3	8	0.0625
2015	7	13	4	7	0.1736111111111111
2015	7	25	1	4	0.5
2015	7	25	2	5	0.3333333333333333
2015	7	25	3	7	0.10416666666666667
2015	7	25	4	6	0.2708333333333333
2015	7	26	1	1	0.8888888888888888
2015	7	26	2	2	0.7777777777777778
2015	7	26	3	4	0.4375
2015	7	26	4	4	0.4444444444444444
2015	7	27	1	8	0.0
2015	7	27	2	8	0.0
2015	7	27	3	8	0.0
2015	7	27	4	8	0.0
2015	7	28	1	8	0.0
2015	7	28	2	8	0.0
2015	7	28	3	8	0.006944444444444444
2015	7	28	4	8	0.0
2015	7	29	1	0	0.9930555555555556
2015	7	29	2	1	0.8944444444444445
2015	7	29	3	1	0.8611111111111112
2015	7	29	4	1	0.8958333333333334
2015	7	30	1	5	0.375
2015	7	30	2	5	0.40555555555555556
2015	7	30	3	4	0.5138888888888888
2015	7	30	4	3	0.6444444444444445
2015	8	3	1	5	0.3333333333333333
2015	8	3	2	8	0.05555555555555555
2015	8	3	3	8	0.0
2015	8	3	4	8	0.0
2015	8	8	1	8	0.0
2015	8	8	2	8	0.027777777777777776
2015	8	8	3	8	0.013888888888888888
2015	8	8	4	8	0.05
2015	8	10	1	8	0.0
2015	8	10	2	8	0.0
2015	8	10	3	8	0.0
2015	8	10	4	8	0.011111111111111112
2015	8	11	1	8	0.0
2015	8	11	2	8	0.016666666666666666
2015	8	11	3	8	0.041666666666666664
2015	8	11	4	7	0.10555555555555556
2015	8	12	1	4	0.4722222222222222
2015	8	12	2	5	0.4
2015	8	12	3	5	0.3263888888888889
2015	8	12	4	5	0.3888888888888889
2015	8	16	1	3	0.5972222222222222
2015	8	25	1	1	0.9097222222222222
2015	8	25	2	3	0.6805555555555556
2015	8	25	3	2	0.7013888888888888
2015	8	25	4	2	0.7430555555555556
2015	8	26	1	3	0.6736111111111112
2015	8	26	2	3	0.6388888888888888
2015	8	26	3	2	0.7222222222222222
2015	8	26	4	4	0.4861111111111111
2015	8	27	2	8	0.0
2015	8	27	3	7	0.09027777777777778
2015	11	5	4	0	0.9861111111111112
2015	11	11	2	2	0.7361111111111112
2015	11	11	3	1	0.9166666666666666
2015	11	11	4	1	0.8819444444444444
2015	12	24	1	1	0.8333333333333334
2015	12	24	2	0	0.9861111111111112
2015	12	24	3	0	1.0
2015	12	24	4	0	0.9930555555555556
2015	12	25	1	2	0.7430555555555556
2015	12	25	2	1	0.9166666666666666
2015	12	25	3	0	1.0
2015	12	25	4	0	0.9861111111111112
