year	month	sday	quarter	estimated_eighths	fraction_above_cloudcut
2016	1	28	1	4	0.5555555555555556
2016	1	28	2	1	0.9259259259259259
2016	1	28	3	0	0.9814814814814815
2016	1	28	4	0	1.0
2016	2	6	1	1	0.9097222222222222
2016	2	6	2	0	0.9907407407407407
2016	2	6	3	0	1.0
2016	2	6	4	0	1.0
2016	2	19	1	4	0.5069444444444444
2016	2	19	2	1	0.8148148148148148
2016	2	19	3	0	0.9814814814814815
2016	2	19	4	0	0.9907407407407407
2016	2	20	1	4	0.5416666666666666
2016	2	20	2	2	0.7962962962962963
2016	2	20	3	0	1.0
2016	2	20	4	0	1.0
2016	2	21	1	4	0.5138888888888888
2016	2	21	2	3	0.6574074074074074
2016	2	21	3	0	1.0
2016	2	21	4	0	1.0
2016	2	22	1	5	0.4097222222222222
2016	2	22	2	3	0.5740740740740741
2016	2	22	3	0	0.9629629629629629
2016	2	22	4	2	0.7037037037037037
2016	2	26	1	0	0.9722222222222222
2016	2	26	2	1	0.8333333333333334
2016	2	26	3	0	1.0
2016	2	26	4	0	1.0
2016	3	2	1	1	0.8263888888888888
2016	3	2	2	2	0.7430555555555556
2016	3	2	3	2	0.7638888888888888
2016	3	2	4	1	0.9259259259259259
2016	3	3	1	1	0.9166666666666666
2016	3	3	2	2	0.7986111111111112
2016	3	3	3	0	1.0
2016	3	3	4	0	0.9814814814814815
2016	3	6	1	6	0.2638888888888889
2016	3	6	2	6	0.3055555555555556
2016	3	6	3	3	0.5833333333333334
2016	3	6	4	2	0.8055555555555556
2016	3	7	1	2	0.6875
2016	3	7	2	3	0.6180555555555556
2016	3	7	3	1	0.8194444444444444
2016	3	7	4	1	0.8703703703703703
2016	3	21	1	4	0.4513888888888889
2016	3	21	2	4	0.5625
2016	3	21	3	4	0.4583333333333333
2016	3	21	4	4	0.4652777777777778
2016	5	5	1	8	0.0
2016	5	5	2	8	0.0
2016	5	5	3	8	0.006944444444444444
2016	5	5	4	8	0.013888888888888888
2016	5	29	1	5	0.3333333333333333
2016	5	29	2	5	0.3888888888888889
2016	5	29	3	6	0.3125
2016	5	29	4	5	0.38333333333333336
2016	6	10	1	3	0.5833333333333334
2016	6	10	2	4	0.4444444444444444
2016	6	10	3	6	0.20833333333333334
2016	6	10	4	5	0.38333333333333336
2016	6	30	1	8	0.005555555555555556
2016	6	30	2	8	0.0
2016	6	30	3	8	0.020833333333333332
2016	6	30	4	8	0.05555555555555555
2016	7	8	2	8	0.0
2016	7	8	3	8	0.0
2016	7	8	4	8	0.0
2016	7	9	1	8	0.011111111111111112
2016	7	9	2	8	0.027777777777777776
2016	7	9	3	8	0.020833333333333332
2016	7	9	4	8	0.0
2016	7	31	1	8	0.0
2016	7	31	2	8	0.011111111111111112
2016	7	31	3	7	0.11805555555555555
2016	7	31	4	4	0.5
2016	8	9	1	1	0.8819444444444444
2016	8	9	2	1	0.9055555555555556
2016	8	9	3	2	0.7708333333333334
2016	8	9	4	2	0.8055555555555556
2016	10	13	1	2	0.6944444444444444
2016	10	13	2	5	0.3333333333333333
2016	10	13	3	6	0.28703703703703703
2016	10	13	4	8	0.0
2016	10	14	1	7	0.16666666666666666
2016	10	14	2	8	0.0
2016	10	14	3	5	0.3333333333333333
2016	10	14	4	7	0.10416666666666667
2016	10	15	1	4	0.5185185185185185
2016	10	15	2	5	0.42592592592592593
2016	10	15	3	4	0.5092592592592593
2016	10	15	4	5	0.3819444444444444
2016	10	16	1	8	0.0
2016	10	16	2	8	0.0
2016	10	16	3	8	0.0
2016	10	16	4	8	0.0
2016	11	9	1	3	0.6180555555555556
2016	11	9	2	2	0.7685185185185185
2016	11	9	3	2	0.7592592592592593
2016	11	9	4	2	0.7916666666666666
2016	11	13	1	8	0.013888888888888888
2016	11	13	2	7	0.12962962962962962
2016	11	13	3	5	0.37037037037037035
2016	11	13	4	2	0.7222222222222222
2016	11	19	1	0	0.9861111111111112
2016	11	19	2	0	1.0
2016	11	19	3	0	1.0
2016	11	19	4	5	0.3402777777777778
2016	12	14	1	4	0.4537037037037037
2016	12	26	1	0	1.0
2016	12	26	2	0	0.9861111111111112
2016	12	26	3	0	1.0
2016	12	26	4	0	0.9930555555555556
2016	12	31	1	2	0.7986111111111112
2016	12	31	2	0	0.9444444444444444
2016	12	31	3	0	1.0
2016	12	31	4	0	1.0
